2.414214	0.267000	0.744850	0.744850	0.744850	0.944760	0.944760
2.422874	0.267140	0.744780	0.744780	0.745000	0.944710	0.944710
2.431534	0.267550	0.744570	0.744570	0.745470	0.944560	0.944560
2.440194	0.268230	0.744230	0.744230	0.746250	0.944310	0.944310
2.448855	0.269180	0.743740	0.743740	0.747330	0.943960	0.943960
2.457515	0.270400	0.743130	0.743130	0.748720	0.943520	0.943520
2.466175	0.271870	0.742380	0.742380	0.750410	0.943000	0.943000
2.474835	0.273600	0.741490	0.741490	0.752390	0.942390	0.942390
2.483496	0.275570	0.740480	0.740480	0.754660	0.941720	0.941720
2.492156	0.277770	0.739330	0.739330	0.757210	0.940970	0.940970
2.500816	0.280200	0.738070	0.738070	0.760030	0.940170	0.940170
2.509476	0.282850	0.736680	0.736680	0.763120	0.939330	0.939330
2.518137	0.285700	0.735170	0.735170	0.766470	0.938450	0.938450
2.526797	0.288750	0.733540	0.733540	0.770080	0.937540	0.937540
2.535457	0.291990	0.731810	0.731810	0.773930	0.936620	0.936620
2.544117	0.295400	0.729960	0.729960	0.778020	0.935700	0.935700
2.552778	0.298970	0.728010	0.728010	0.782340	0.934780	0.934780
2.561438	0.302700	0.725950	0.725950	0.786890	0.933890	0.933890
2.570098	0.306580	0.723790	0.723790	0.791670	0.933020	0.933020
2.578758	0.310590	0.721540	0.721540	0.796660	0.932200	0.932200
2.587419	0.314730	0.719200	0.719200	0.801870	0.931440	0.931440
2.596079	0.319000	0.716770	0.716770	0.807300	0.930730	0.930730
2.604739	0.323380	0.714250	0.714250	0.812950	0.930110	0.930110
2.613399	0.327880	0.711650	0.711650	0.818810	0.929560	0.929560
2.622060	0.332490	0.708970	0.708970	0.824890	0.929110	0.929110
2.630720	0.337200	0.706210	0.706210	0.831190	0.928760	0.928760
2.639380	0.342020	0.703380	0.703380	0.837720	0.928520	0.928520
2.648040	0.346940	0.700480	0.700480	0.844480	0.928380	0.928380
2.656701	0.351960	0.697520	0.697520	0.851480	0.928370	0.928370
2.665361	0.357090	0.694490	0.694490	0.858720	0.928480	0.928480
2.674021	0.362330	0.691410	0.691410	0.866220	0.928720	0.928720
2.682681	0.367680	0.688270	0.688270	0.873980	0.929080	0.929080
2.691342	0.373140	0.685080	0.685080	0.882010	0.929570	0.929570
2.700002	0.378720	0.681830	0.681830	0.890320	0.930190	0.930190
2.708662	0.384410	0.678550	0.678550	0.898910	0.930940	0.930940
2.717322	0.390230	0.675230	0.675230	0.907800	0.931810	0.931810
2.725983	0.396180	0.671870	0.671870	0.916990	0.932810	0.932810
2.734643	0.402260	0.668480	0.668480	0.926490	0.933920	0.933920
2.743303	0.408460	0.665070	0.665070	0.935150	0.935150	0.936300
2.751963	0.414800	0.661640	0.661640	0.936500	0.936500	0.946430
2.760624	0.421280	0.658190	0.658190	0.937940	0.937940	0.956880
2.769284	0.427880	0.654750	0.654750	0.939490	0.939490	0.967640
2.777944	0.434620	0.651300	0.651300	0.941120	0.941120	0.978730
2.786604	0.441480	0.647870	0.647870	0.942840	0.942840	0.990130
2.795265	0.448470	0.644450	0.644450	0.944630	0.944630	1.001830
2.803925	0.455570	0.641060	0.641060	0.946500	0.946500	1.013830
2.812585	0.462770	0.637710	0.637710	0.948420	0.948420	1.026120
2.821246	0.470080	0.634400	0.634400	0.950400	0.950400	1.038680
2.829906	0.477470	0.631140	0.631140	0.952420	0.952420	1.051500
2.838566	0.484930	0.627950	0.627950	0.954470	0.954470	1.064550
2.847226	0.492440	0.624840	0.624840	0.956560	0.956560	1.077810
2.855887	0.499990	0.621810	0.621810	0.958670	0.958670	1.091260
2.864547	0.507560	0.618880	0.618880	0.960790	0.960790	1.104870
2.873207	0.515130	0.616060	0.616060	0.962910	0.962910	1.118620
2.881867	0.522670	0.613350	0.613350	0.965040	0.965040	1.132460
2.890528	0.530170	0.610770	0.610770	0.967160	0.967160	1.146380
2.899188	0.537600	0.608330	0.608330	0.969270	0.969270	1.160320
2.907848	0.544930	0.606040	0.606040	0.971360	0.971360	1.174260
2.916508	0.552140	0.603910	0.603910	0.973430	0.973430	1.188150
2.925169	0.559210	0.601940	0.601940	0.975470	0.975470	1.201970
2.933829	0.566100	0.600150	0.600150	0.977480	0.977480	1.215670
2.942489	0.572800	0.598540	0.598540	0.979460	0.979460	1.229210
2.951149	0.579280	0.597120	0.597120	0.981400	0.981400	1.242550
2.959810	0.585520	0.595900	0.595900	0.983300	0.983300	1.255660
2.968470	0.591490	0.594870	0.594870	0.985160	0.985160	1.268510
2.977130	0.594050	0.594050	0.597180	0.986980	0.986980	1.281050
2.985790	0.593430	0.593430	0.602560	0.988750	0.988750	1.293250
2.994451	0.593010	0.593010	0.607630	0.990480	0.990480	1.305090
3.003111	0.592800	0.592800	0.612360	0.992160	0.992160	1.316540
3.011771	0.592800	0.592800	0.616740	0.993790	0.993790	1.327560
3.020431	0.592990	0.592990	0.620770	0.995380	0.995380	1.338140
3.029092	0.593380	0.593380	0.624430	0.996920	0.996920	1.348250
3.037752	0.593950	0.593950	0.627730	0.998410	0.998410	1.357880
3.046412	0.594710	0.594710	0.630660	0.999850	0.999850	1.367020
3.055072	0.595630	0.595630	0.633220	1.001250	1.001250	1.375660
3.063733	0.596720	0.596720	0.635430	1.002600	1.002600	1.383790
3.072393	0.597960	0.597960	0.637280	1.003900	1.003900	1.391410
3.081053	0.599330	0.599330	0.638800	1.005160	1.005160	1.398510
3.089713	0.600830	0.600830	0.639990	1.006370	1.006370	1.405110
3.098374	0.602430	0.602430	0.640860	1.007530	1.007530	1.411210
3.107034	0.604120	0.604120	0.641450	1.008640	1.008640	1.416820
3.115694	0.605890	0.605890	0.641770	1.009710	1.009710	1.421960
3.124354	0.607710	0.607710	0.641840	1.010730	1.010730	1.426640
3.133015	0.609580	0.609580	0.641680	1.011700	1.011700	1.430870
3.141675	0.611460	0.611460	0.641340	1.012630	1.012630	1.434690
3.150335	0.613350	0.613350	0.640820	1.013500	1.013500	1.438110
3.158995	0.615220	0.615220	0.640170	1.014330	1.014330	1.441150
3.167656	0.617050	0.617050	0.639400	1.015100	1.015100	1.443840
3.176316	0.618840	0.618840	0.638550	1.015820	1.015820	1.446200
3.184976	0.620550	0.620550	0.637640	1.016490	1.016490	1.448270
3.193636	0.622180	0.622180	0.636710	1.017100	1.017100	1.450050
3.202297	0.623700	0.623700	0.635770	1.017660	1.017660	1.451580
3.210957	0.625110	0.625110	0.634860	1.018170	1.018170	1.452890
3.219617	0.626380	0.626380	0.634000	1.018610	1.018610	1.453980
3.228277	0.627510	0.627510	0.633210	1.019000	1.019000	1.454880
3.236938	0.628490	0.628490	0.632500	1.019330	1.019330	1.455620
3.245598	0.629300	0.629300	0.631900	1.019600	1.019600	1.456190
3.254258	0.629950	0.629950	0.631420	1.019820	1.019820	1.456630
3.262918	0.630410	0.630410	0.631070	1.019970	1.019970	1.456930
3.271579	0.630690	0.630690	0.630850	1.020060	1.020060	1.457110
3.280239	0.630780	0.630780	0.630780	1.020090	1.020090	1.457170