0.000000	0.267000	0.744850	0.744850	0.744850	0.944760	0.944760
0.010000	0.267160	0.744830	0.744830	0.744940	0.944500	0.944860
0.020000	0.267650	0.744760	0.744760	0.745190	0.943720	0.945160
0.030000	0.268470	0.744650	0.744650	0.745620	0.942440	0.945670
0.040000	0.269610	0.744510	0.744510	0.746210	0.940640	0.946370
0.050000	0.271070	0.744330	0.744330	0.746970	0.938350	0.947270
0.060000	0.272850	0.744120	0.744120	0.747880	0.935570	0.948360
0.070000	0.274950	0.743880	0.743880	0.748950	0.932310	0.949640
0.080000	0.277370	0.743630	0.743630	0.750160	0.928600	0.951090
0.090000	0.280090	0.743360	0.743360	0.751520	0.924450	0.952720
0.100000	0.283110	0.743090	0.743090	0.753010	0.919870	0.954510
0.110000	0.286440	0.742810	0.742810	0.754630	0.914880	0.956460
0.120000	0.290050	0.742530	0.742530	0.756370	0.909520	0.958570
0.130000	0.293960	0.742250	0.742250	0.758240	0.903790	0.960810
0.140000	0.298140	0.741980	0.741980	0.760230	0.897730	0.963190
0.150000	0.302590	0.741720	0.741720	0.762330	0.891340	0.965700
0.160000	0.307300	0.741470	0.741470	0.764550	0.884660	0.968330
0.170000	0.312270	0.741230	0.741230	0.766880	0.877710	0.971070
0.180000	0.317480	0.741010	0.741010	0.769330	0.870510	0.973930
0.190000	0.322930	0.740810	0.740810	0.771900	0.863080	0.976880
0.200000	0.328590	0.740630	0.740630	0.774580	0.855440	0.979920
0.210000	0.334470	0.740480	0.740480	0.777390	0.847620	0.983060
0.220000	0.340540	0.740370	0.740370	0.780320	0.839630	0.986280
0.230000	0.346800	0.740300	0.740300	0.783380	0.831480	0.989570
0.240000	0.353240	0.740300	0.740300	0.786560	0.823210	0.992940
0.250000	0.359830	0.740360	0.740360	0.789880	0.814830	0.996370
0.260000	0.366570	0.740510	0.740510	0.793330	0.806350	0.999860
0.270000	0.373440	0.740750	0.740750	0.796910	0.797790	1.003390
0.280000	0.380430	0.741100	0.741100	0.789150	0.800620	1.006970
0.290000	0.387510	0.741590	0.741590	0.780470	0.804470	1.010570
0.300000	0.394680	0.742210	0.742210	0.771750	0.808450	1.014200
0.310000	0.401920	0.742980	0.742980	0.762990	0.812560	1.017830
0.320000	0.409200	0.743920	0.743920	0.754220	0.816790	1.021460
0.330000	0.416510	0.745040	0.745040	0.745440	0.821150	1.025080
0.340000	0.423830	0.736670	0.746330	0.746330	0.825620	1.028670
0.350000	0.431140	0.727900	0.747810	0.747810	0.830210	1.032220
0.360000	0.438410	0.719160	0.749470	0.749470	0.834920	1.035720
0.370000	0.445620	0.710450	0.751320	0.751320	0.839730	1.039160
0.380000	0.452740	0.701780	0.753350	0.753350	0.844640	1.042520
0.390000	0.459750	0.693150	0.755550	0.755550	0.849650	1.045810
0.400000	0.466630	0.684580	0.757920	0.757920	0.854760	1.049020
0.410000	0.473340	0.676060	0.760450	0.760450	0.859970	1.052130
0.420000	0.479850	0.667620	0.763130	0.763130	0.865260	1.055170
0.430000	0.486140	0.659240	0.765960	0.765960	0.870640	1.058130
0.440000	0.492180	0.650940	0.768930	0.768930	0.876110	1.061020
0.450000	0.497930	0.642730	0.772040	0.772040	0.881660	1.063850
0.460000	0.503370	0.634600	0.775290	0.775290	0.887290	1.066650
0.470000	0.508460	0.626570	0.778670	0.778670	0.892990	1.069420
0.480000	0.513180	0.618630	0.782200	0.782200	0.898780	1.072210
0.490000	0.517500	0.610790	0.785890	0.785890	0.904630	1.075040
0.500000	0.521400	0.603060	0.789740	0.789740	0.910560	1.077930
0.510000	0.524850	0.595440	0.793770	0.793770	0.916550	1.080930
0.520000	0.527840	0.587930	0.797990	0.797990	0.922610	1.084060
0.530000	0.530340	0.580530	0.802420	0.802420	0.928720	1.087360
0.540000	0.532350	0.573250	0.807070	0.807070	0.934890	1.090870
0.550000	0.533860	0.566100	0.811970	0.811970	0.941110	1.094620
0.560000	0.534850	0.559060	0.817110	0.817110	0.947370	1.098640
0.570000	0.535330	0.552160	0.822510	0.822510	0.953660	1.102970
0.580000	0.535310	0.545390	0.828170	0.828170	0.959990	1.107610
0.590000	0.534780	0.538750	0.834100	0.834100	0.966340	1.112610
0.600000	0.532240	0.533770	0.840290	0.840290	0.972720	1.117970
0.610000	0.525870	0.532290	0.846740	0.846740	0.979100	1.123700
0.620000	0.519650	0.530350	0.853430	0.853430	0.985490	1.129810
0.630000	0.513570	0.527990	0.860340	0.860340	0.991870	1.136300
0.640000	0.507630	0.525220	0.867470	0.867470	0.998250	1.143180
0.650000	0.501840	0.522080	0.874780	0.874780	1.004620	1.150420
0.660000	0.496210	0.518610	0.882250	0.882250	1.010960	1.158020
0.670000	0.490720	0.514820	0.889870	0.889870	1.017280	1.165960
0.680000	0.485390	0.510770	0.897620	0.897620	1.023560	1.174220
0.690000	0.480210	0.506480	0.905470	0.905470	1.029800	1.182780
0.700000	0.475190	0.501990	0.913420	0.913420	1.035990	1.191620
0.710000	0.470330	0.497330	0.921460	0.921460	1.042120	1.200710
0.720000	0.465620	0.492540	0.929580	0.929580	1.048190	1.210030
0.730000	0.461070	0.487660	0.937780	0.937780	1.054180	1.219540
0.740000	0.456680	0.482710	0.946090	0.946090	1.060080	1.229230
0.750000	0.452450	0.477720	0.954490	0.954490	1.065890	1.239060
0.760000	0.448380	0.472730	0.963010	0.963010	1.071590	1.249000
0.770000	0.444460	0.467750	0.971670	0.971670	1.077160	1.259040
0.780000	0.440700	0.462830	0.980480	0.980480	1.082610	1.269130
0.790000	0.437100	0.457960	0.989450	0.989450	1.087900	1.279240
0.800000	0.433650	0.453190	0.998590	0.998590	1.093040	1.289350
0.810000	0.430360	0.448530	1.007900	1.007900	1.098000	1.299420
0.820000	0.427230	0.443980	1.017390	1.017390	1.102780	1.309420
0.830000	0.424260	0.439590	1.027030	1.027030	1.107360	1.319300
0.840000	0.421440	0.435340	1.036790	1.036790	1.111730	1.329030
0.850000	0.418780	0.431270	1.046640	1.046640	1.115880	1.338560
0.860000	0.416280	0.427390	1.056520	1.056520	1.119790	1.347840
0.870000	0.413940	0.423700	1.066370	1.066370	1.123470	1.356820
0.880000	0.411760	0.420230	1.076090	1.076090	1.126890	1.365450
0.890000	0.409750	0.416980	1.085620	1.085620	1.130060	1.373670
0.900000	0.407900	0.413960	1.094830	1.094830	1.132960	1.381420
0.910000	0.406210	0.411200	1.103630	1.103630	1.135590	1.388660
0.920000	0.404700	0.408690	1.111910	1.111910	1.137960	1.395320
0.930000	0.403360	0.406440	1.119540	1.119540	1.140050	1.401340
0.940000	0.402190	0.404480	1.126420	1.126420	1.141860	1.406690
0.950000	0.401200	0.402800	1.132450	1.132450	1.143390	1.411300
0.960000	0.400380	0.401420	1.137530	1.137530	1.144650	1.415130
0.970000	0.399750	0.400330	1.141570	1.141570	1.145630	1.418150
0.980000	0.399290	0.399560	1.144500	1.144500	1.146320	1.420330
0.990000	0.399020	0.399090	1.146280	1.146280	1.146740	1.421650
1.000000	0.398930	0.398930	1.146880	1.146880	1.146880	1.422090
