1.707107	0.418600	0.584340	0.893770	0.961000	1.009570	1.208490
1.714178	0.418630	0.584370	0.893550	0.961010	1.009530	1.208290
1.721249	0.418730	0.584470	0.892900	0.961040	1.009430	1.207690
1.728320	0.418890	0.584630	0.891820	0.961080	1.009260	1.206700
1.735391	0.419110	0.584860	0.890320	0.961140	1.009020	1.205310
1.742462	0.419390	0.585150	0.888400	0.961210	1.008720	1.203530
1.749533	0.419730	0.585510	0.886070	0.961290	1.008350	1.201380
1.756604	0.420140	0.585920	0.883350	0.961380	1.007910	1.198840
1.763675	0.420590	0.586410	0.880240	0.961470	1.007410	1.195950
1.770746	0.421110	0.586950	0.876770	0.961550	1.006850	1.192690
1.777817	0.421670	0.587560	0.872960	0.961630	1.006230	1.189100
1.784889	0.422290	0.588230	0.868810	0.961690	1.005550	1.185170
1.791960	0.422940	0.588960	0.864350	0.961740	1.004810	1.180920
1.799031	0.423640	0.589760	0.859610	0.961750	1.004010	1.176360
1.806102	0.424380	0.590610	0.854600	0.961740	1.003160	1.171520
1.813173	0.425150	0.591520	0.849360	0.961680	1.002260	1.166390
1.820244	0.425950	0.592490	0.843900	0.961580	1.001310	1.161010
1.827315	0.426760	0.593520	0.838250	0.961430	1.000320	1.155380
1.834386	0.427600	0.594610	0.832440	0.961220	0.999280	1.149530
1.841457	0.428440	0.595750	0.826500	0.960940	0.998200	1.143460
1.848528	0.429280	0.596950	0.820460	0.960590	0.997080	1.137190
1.855599	0.430120	0.598200	0.814340	0.960170	0.995930	1.130750
1.862670	0.430940	0.599510	0.808170	0.959660	0.994740	1.124150
1.869741	0.431750	0.600870	0.801980	0.959070	0.993530	1.117400
1.876812	0.432520	0.602290	0.795790	0.958390	0.992290	1.110510
1.883883	0.433250	0.603750	0.789640	0.957620	0.991020	1.103520
1.890955	0.433930	0.605270	0.783550	0.956750	0.989740	1.096430
1.898026	0.434560	0.606830	0.777550	0.955790	0.988430	1.089250
1.905097	0.435120	0.608450	0.771650	0.954720	0.987120	1.082000
1.912168	0.435600	0.610110	0.765890	0.953560	0.985790	1.074690
1.919239	0.435990	0.611820	0.760290	0.952300	0.984460	1.067340
1.926310	0.436290	0.613580	0.754870	0.950940	0.983120	1.059960
1.933381	0.436480	0.615380	0.749640	0.949490	0.981780	1.052560
1.940452	0.436560	0.617230	0.744630	0.947950	0.980440	1.045150
1.947523	0.436510	0.619120	0.739850	0.946320	0.979100	1.037740
1.954594	0.436330	0.621050	0.735320	0.944620	0.977780	1.030340
1.961665	0.436000	0.623030	0.731050	0.942830	0.976460	1.022950
1.968736	0.435530	0.625040	0.727050	0.940980	0.975150	1.015590
1.975807	0.434890	0.627100	0.723340	0.939070	0.973860	1.008270
1.982878	0.434100	0.629200	0.719910	0.937110	0.972590	1.000990
1.989949	0.433130	0.631330	0.716770	0.935100	0.971340	0.993750
1.997021	0.431990	0.633500	0.713940	0.933060	0.970110	0.986560
2.004092	0.430670	0.635700	0.711400	0.930990	0.968900	0.979430
2.011163	0.429170	0.637940	0.709160	0.928920	0.967720	0.972350
2.018234	0.427480	0.640210	0.707220	0.926840	0.965340	0.966560
2.025305	0.425610	0.642510	0.705580	0.924760	0.958400	0.965440
2.032376	0.423550	0.644850	0.704220	0.922710	0.951530	0.964340
2.039447	0.421300	0.647210	0.703150	0.920700	0.944730	0.963270
2.046518	0.418870	0.649590	0.702350	0.918720	0.938000	0.962240
2.053589	0.416270	0.652010	0.701810	0.916800	0.931360	0.961240
2.060660	0.413480	0.654440	0.701530	0.914950	0.924790	0.960280
2.067731	0.410520	0.656900	0.701490	0.913180	0.918300	0.959350
2.074802	0.407400	0.659370	0.701680	0.911490	0.911900	0.958460
2.081873	0.404120	0.661860	0.702080	0.905590	0.909910	0.957600
2.088944	0.400700	0.664370	0.702680	0.899360	0.908430	0.956770
2.096016	0.397130	0.666890	0.703460	0.893220	0.907070	0.955990
2.103087	0.393430	0.669420	0.704410	0.887170	0.905840	0.955230
2.110158	0.389610	0.671950	0.705510	0.881220	0.904740	0.954520
2.117229	0.385690	0.674490	0.706740	0.875360	0.903790	0.953830
2.124300	0.381670	0.677040	0.708090	0.869590	0.902980	0.953190
2.131371	0.377560	0.679580	0.709540	0.863930	0.902330	0.952570
2.138442	0.373390	0.682120	0.711070	0.858370	0.901830	0.951990
2.145513	0.369160	0.684650	0.712680	0.852910	0.901490	0.951440
2.152584	0.364880	0.687170	0.714330	0.847570	0.901320	0.950930
2.159655	0.360580	0.689690	0.716020	0.842330	0.901300	0.950440
2.166726	0.356250	0.692180	0.717730	0.837200	0.901450	0.949980
2.173797	0.351930	0.694660	0.719450	0.832190	0.901770	0.949550
2.180868	0.347620	0.697110	0.721160	0.827290	0.902240	0.949150
2.187939	0.343330	0.699540	0.722850	0.822520	0.902860	0.948780
2.195010	0.339080	0.701940	0.724520	0.817870	0.903630	0.948430
2.202082	0.334880	0.704310	0.726140	0.813340	0.904550	0.948100
2.209153	0.330740	0.706640	0.727720	0.808950	0.905610	0.947800
2.216224	0.326680	0.708930	0.729240	0.804680	0.906790	0.947520
2.223295	0.322690	0.711180	0.730700	0.800550	0.908100	0.947250
2.230366	0.318810	0.713390	0.732090	0.796560	0.909510	0.947010
2.237437	0.315020	0.715540	0.733400	0.792700	0.911030	0.946790
2.244508	0.311350	0.717640	0.734640	0.788980	0.912630	0.946580
2.251579	0.307790	0.719690	0.735790	0.785410	0.914320	0.946390
2.258650	0.304360	0.721670	0.736870	0.781980	0.916060	0.946220
2.265721	0.301070	0.723600	0.737860	0.778690	0.917860	0.946060
2.272792	0.297910	0.725450	0.738770	0.775560	0.919700	0.945910
2.279863	0.294900	0.727240	0.739600	0.772570	0.921560	0.945780
2.286934	0.292030	0.728960	0.740350	0.769730	0.923430	0.945650
2.294005	0.289320	0.730600	0.741020	0.767050	0.925300	0.945540
2.301076	0.286750	0.732170	0.741620	0.764510	0.927160	0.945440
2.308148	0.284340	0.733650	0.742150	0.762130	0.928980	0.945350
2.315219	0.282090	0.735050	0.742620	0.759900	0.930760	0.945260
2.322290	0.280000	0.736370	0.743030	0.757830	0.932480	0.945190
2.329361	0.278060	0.737590	0.743380	0.755900	0.934130	0.945120
2.336432	0.276280	0.738730	0.743680	0.754140	0.935690	0.945060
2.343503	0.274660	0.739780	0.743930	0.752520	0.937170	0.945000
2.350574	0.273200	0.740730	0.744140	0.751060	0.938540	0.944950
2.357645	0.271890	0.741590	0.744320	0.749760	0.939790	0.944910
2.364716	0.270740	0.742350	0.744460	0.748610	0.940920	0.944880
2.371787	0.269740	0.743010	0.744580	0.747610	0.941920	0.944840
2.378858	0.268900	0.743570	0.744670	0.746770	0.942770	0.944820
2.385929	0.268220	0.744030	0.744740	0.746080	0.943480	0.944800
2.393000	0.267680	0.744390	0.744790	0.745540	0.944040	0.944780
2.400071	0.267300	0.744640	0.744820	0.745160	0.944440	0.944770
2.407142	0.267080	0.744800	0.744840	0.744930	0.944680	0.944760
2.414214	0.267000	0.744850	0.744850	0.744850	0.944760	0.944760